 time(   1)=          0.0000000E+00;

 coorx(   1,   1)=          0.0000000E+00;

 coory(   1,   1)=          0.0000000E+00;

 disx(   1,   1)=          0.0000000E+00;

 disy(   1,   1)=          0.0000000E+00;

 velx(    1,   1)=          0.0000000E+00;

 vely(    1,   1)=          0.0000000E+00;

 xpres(    1,   1)=          0.0000000E+00;

 xpcoorx(    1,   1)=          0.5000000E+00;

 xpcoory(    1,   1)=          0.1000000E+01;

 xpres(    2,   1)=          0.0000000E+00;

 xpcoorx(    2,   1)=          0.0000000E+00;

 xpcoory(    2,   1)=          0.0000000E+00;

 xpres(    3,   1)=          0.0000000E+00;

 xpcoorx(    3,   1)=          0.5000000E+00;

 xpcoory(    3,   1)=          0.9500000E+00;

 xpres(    4,   1)=          0.0000000E+00;

 xpcoorx(    4,   1)=          0.0000000E+00;

 xpcoory(    4,   1)=          0.0000000E+00;

 xpres(    5,   1)=          0.0000000E+00;

 xpcoorx(    5,   1)=          0.5000000E+00;

 xpcoory(    5,   1)=          0.9000000E+00;

 xpres(    6,   1)=          0.0000000E+00;

 xpcoorx(    6,   1)=          0.0000000E+00;

 xpcoory(    6,   1)=          0.0000000E+00;

 xpres(    7,   1)=          0.0000000E+00;

 xpcoorx(    7,   1)=          0.5000000E+00;

 xpcoory(    7,   1)=          0.8500000E+00;

 xpres(    8,   1)=          0.0000000E+00;

 xpcoorx(    8,   1)=          0.0000000E+00;

 xpcoory(    8,   1)=          0.0000000E+00;

 xpres(    9,   1)=          0.0000000E+00;

 xpcoorx(    9,   1)=          0.5000000E+00;

 xpcoory(    9,   1)=          0.8000000E+00;

 xpres(   10,   1)=          0.0000000E+00;

 xpcoorx(   10,   1)=          0.0000000E+00;

 xpcoory(   10,   1)=          0.0000000E+00;

 xpres(   11,   1)=          0.0000000E+00;

 xpcoorx(   11,   1)=          0.5000000E+00;

 xpcoory(   11,   1)=          0.7500000E+00;

 xpres(   12,   1)=          0.0000000E+00;

 xpcoorx(   12,   1)=          0.0000000E+00;

 xpcoory(   12,   1)=          0.0000000E+00;

 xpres(   13,   1)=          0.0000000E+00;

 xpcoorx(   13,   1)=          0.5000000E+00;

 xpcoory(   13,   1)=          0.7000000E+00;

 xpres(   14,   1)=          0.0000000E+00;

 xpcoorx(   14,   1)=          0.0000000E+00;

 xpcoory(   14,   1)=          0.0000000E+00;

 xpres(   15,   1)=          0.0000000E+00;

 xpcoorx(   15,   1)=          0.5000000E+00;

 xpcoory(   15,   1)=          0.6500000E+00;

 xpres(   16,   1)=          0.0000000E+00;

 xpcoorx(   16,   1)=          0.0000000E+00;

 xpcoory(   16,   1)=          0.0000000E+00;

 xpres(   17,   1)=          0.0000000E+00;

 xpcoorx(   17,   1)=          0.5000000E+00;

 xpcoory(   17,   1)=          0.6000000E+00;

 xpres(   18,   1)=          0.0000000E+00;

 xpcoorx(   18,   1)=          0.0000000E+00;

 xpcoory(   18,   1)=          0.0000000E+00;

 xpres(   19,   1)=          0.0000000E+00;

 xpcoorx(   19,   1)=          0.5000000E+00;

 xpcoory(   19,   1)=          0.5500000E+00;

 xpres(   20,   1)=          0.0000000E+00;

 xpcoorx(   20,   1)=          0.0000000E+00;

 xpcoory(   20,   1)=          0.0000000E+00;

 xpres(   21,   1)=          0.0000000E+00;

 xpcoorx(   21,   1)=          0.5000000E+00;

 xpcoory(   21,   1)=          0.5000000E+00;

 xpres(   22,   1)=          0.0000000E+00;

 xpcoorx(   22,   1)=          0.0000000E+00;

 xpcoory(   22,   1)=          0.0000000E+00;

 xpres(   23,   1)=          0.0000000E+00;

 xpcoorx(   23,   1)=          0.5000000E+00;

 xpcoory(   23,   1)=          0.4500000E+00;

 xpres(   24,   1)=          0.0000000E+00;

 xpcoorx(   24,   1)=          0.0000000E+00;

 xpcoory(   24,   1)=          0.0000000E+00;

 xpres(   25,   1)=          0.0000000E+00;

 xpcoorx(   25,   1)=          0.5000000E+00;

 xpcoory(   25,   1)=          0.4000000E+00;

 xpres(   26,   1)=          0.0000000E+00;

 xpcoorx(   26,   1)=          0.0000000E+00;

 xpcoory(   26,   1)=          0.0000000E+00;

 xpres(   27,   1)=          0.0000000E+00;

 xpcoorx(   27,   1)=          0.5000000E+00;

 xpcoory(   27,   1)=          0.3500000E+00;

 xpres(   28,   1)=          0.0000000E+00;

 xpcoorx(   28,   1)=          0.0000000E+00;

 xpcoory(   28,   1)=          0.0000000E+00;

 xpres(   29,   1)=          0.0000000E+00;

 xpcoorx(   29,   1)=          0.5000000E+00;

 xpcoory(   29,   1)=          0.3000000E+00;

 xpres(   30,   1)=          0.0000000E+00;

 xpcoorx(   30,   1)=          0.0000000E+00;

 xpcoory(   30,   1)=          0.0000000E+00;

 xpres(   31,   1)=          0.0000000E+00;

 xpcoorx(   31,   1)=          0.5000000E+00;

 xpcoory(   31,   1)=          0.2500000E+00;

 xpres(   32,   1)=          0.0000000E+00;

 xpcoorx(   32,   1)=          0.0000000E+00;

 xpcoory(   32,   1)=          0.0000000E+00;

 xpres(   33,   1)=          0.0000000E+00;

 xpcoorx(   33,   1)=          0.5000000E+00;

 xpcoory(   33,   1)=          0.2000000E+00;

 xpres(   34,   1)=          0.0000000E+00;

 xpcoorx(   34,   1)=          0.0000000E+00;

 xpcoory(   34,   1)=          0.0000000E+00;

 xpres(   35,   1)=          0.0000000E+00;

 xpcoorx(   35,   1)=          0.5000000E+00;

 xpcoory(   35,   1)=          0.1500000E+00;

 xpres(   36,   1)=          0.0000000E+00;

 xpcoorx(   36,   1)=          0.0000000E+00;

 xpcoory(   36,   1)=          0.0000000E+00;

 xpres(   37,   1)=          0.0000000E+00;

 xpcoorx(   37,   1)=          0.5000000E+00;

 xpcoory(   37,   1)=          0.1000000E+00;

 xpres(   38,   1)=          0.0000000E+00;

 xpcoorx(   38,   1)=          0.0000000E+00;

 xpcoory(   38,   1)=          0.0000000E+00;

 xpres(   39,   1)=          0.0000000E+00;

 xpcoorx(   39,   1)=          0.5000000E+00;

 xpcoory(   39,   1)=          0.5000000E-01;

 xpres(   40,   1)=          0.0000000E+00;

 xpcoorx(   40,   1)=          0.0000000E+00;

 xpcoory(   40,   1)=          0.0000000E+00;

 xpres(   41,   1)=          0.0000000E+00;

 xpcoorx(   41,   1)=          0.5000000E+00;

 xpcoory(   41,   1)=          0.0000000E+00;

 time(   2)=          0.1000000E-01;

 coorx(   1,   2)=          0.0000000E+00;

 coory(   1,   2)=          0.0000000E+00;

 disx(   1,   2)=          0.0000000E+00;

 disy(   1,   2)=          0.0000000E+00;

 velx(    1,   2)=          0.0000000E+00;

 vely(    1,   2)=          0.0000000E+00;

 xpres(    1,   2)=          0.0000000E+00;

 xpcoorx(    1,   2)=          0.5000000E+00;

 xpcoory(    1,   2)=          0.1000000E+01;

 xpres(    2,   2)=          0.0000000E+00;

 xpcoorx(    2,   2)=          0.0000000E+00;

 xpcoory(    2,   2)=          0.0000000E+00;

 xpres(    3,   2)=          0.0000000E+00;

 xpcoorx(    3,   2)=          0.5000000E+00;

 xpcoory(    3,   2)=          0.9500000E+00;

 xpres(    4,   2)=          0.0000000E+00;

 xpcoorx(    4,   2)=          0.0000000E+00;

 xpcoory(    4,   2)=          0.0000000E+00;

 xpres(    5,   2)=          0.0000000E+00;

 xpcoorx(    5,   2)=          0.5000000E+00;

 xpcoory(    5,   2)=          0.9000000E+00;

 xpres(    6,   2)=          0.0000000E+00;

 xpcoorx(    6,   2)=          0.0000000E+00;

 xpcoory(    6,   2)=          0.0000000E+00;

 xpres(    7,   2)=          0.0000000E+00;

 xpcoorx(    7,   2)=          0.5000000E+00;

 xpcoory(    7,   2)=          0.8500000E+00;

 xpres(    8,   2)=          0.0000000E+00;

 xpcoorx(    8,   2)=          0.0000000E+00;

 xpcoory(    8,   2)=          0.0000000E+00;

 xpres(    9,   2)=          0.0000000E+00;

 xpcoorx(    9,   2)=          0.5000000E+00;

 xpcoory(    9,   2)=          0.8000000E+00;

 xpres(   10,   2)=          0.0000000E+00;

 xpcoorx(   10,   2)=          0.0000000E+00;

 xpcoory(   10,   2)=          0.0000000E+00;

 xpres(   11,   2)=          0.0000000E+00;

 xpcoorx(   11,   2)=          0.5000000E+00;

 xpcoory(   11,   2)=          0.7500000E+00;

 xpres(   12,   2)=          0.0000000E+00;

 xpcoorx(   12,   2)=          0.0000000E+00;

 xpcoory(   12,   2)=          0.0000000E+00;

