 tfun1(   1)=          0.0000000E+00;

